{
 "cells": [
  {
   "cell_type": "code",
   "execution_count": 1,
   "id": "ultimate-saver",
   "metadata": {},
   "outputs": [],
   "source": [
    "#####################################################################################################################################\n",
    "#\n",
    "#    CREATED : Jan 31, 2025\n",
    "#\n",
    "#\n",
    "#    NAME : 10)CheckForBugs.ipynb\n",
    "#\n",
    "#   \n",
    "#   \n",
    "#    WHAT :  Check that the ω_cnc, ω_cng, ω_corrCC, ω_corrGC have the same number\n",
    "#            Check the bgAverage and bgCovMatrix is the same\n",
    "#            Finally, check the MCMC\n",
    "#\n",
    "#\n",
    "#    NOTE: \n",
    "#\n",
    "#\n",
    "#\n",
    "################################################################################################################################"
   ]
  },
  {
   "cell_type": "code",
   "execution_count": 2,
   "id": "previous-inclusion",
   "metadata": {},
   "outputs": [
    {
     "name": "stdout",
     "output_type": "stream",
     "text": [
      "/Users/tzegoh_1/Desktop/-1)tzegoh-finalProject/Final\n",
      "3.12.7 python version\n",
      "5.0.2 treecorr version\n",
      "/Users/tzegoh_1/Desktop/-1)tzegoh-finalProject/Final\n"
     ]
    }
   ],
   "source": [
    "from __future__ import division\n",
    "%load_ext autoreload\n",
    "%autoreload 2\n",
    "import numpy as np\n",
    "import numpy\n",
    "import matplotlib.pyplot as plt\n",
    "import math\n",
    "import sys, platform, os\n",
    "import re\n",
    "import time\n",
    "import pprint\n",
    "from numpy import genfromtxt\n",
    "import importlib\n",
    "plt.rcParams['figure.figsize']=(18,18)\n",
    "%matplotlib inline\n",
    "print(os.getcwd())\n",
    "print(platform.python_version(),'python version')\n",
    "import matplotlib.cm as cmap\n",
    "\n",
    "#Astropy\n",
    "from astropy import units as u\n",
    "from astropy.coordinates import Angle\n",
    "from astropy import wcs\n",
    "from astropy.coordinates import SkyCoord\n",
    "from astropy.utils.data import download_file\n",
    "from astropy.io import fits\n",
    "from astropy.utils.data import get_pkg_data_filename\n",
    "from astropy.visualization import astropy_mpl_style\n",
    "#Astropy cosmology\n",
    "from astropy.cosmology import WMAP9 as cosmo\n",
    "\n",
    "#Scipy\n",
    "from scipy import interpolate\n",
    "from scipy.interpolate import interp1d\n",
    "from scipy.optimize import minimize\n",
    "\n",
    "#treecorr\n",
    "import treecorr\n",
    "print(treecorr.__version__,'treecorr version')\n",
    "\n",
    "#cartopy\n",
    "import cartopy.crs as ccrs\n",
    "\n",
    "#pandas\n",
    "import pandas as pd\n",
    "\n",
    "# fitsio\n",
    "import fitsio\n",
    "\n",
    "#healpy\n",
    "import healpy as hp \n",
    "\n",
    "#Linear Al\n",
    "from numpy.linalg import inv\n",
    "\n",
    "#CAMB\n",
    "import camb\n",
    "from camb import model, initialpower,get_matter_power_interpolator\n",
    "\n",
    "# Print\n",
    "np.set_printoptions(threshold=50)\n",
    "\n",
    "#corner plot\n",
    "import corner\n",
    "\n",
    "#emcee\n",
    "import emcee\n",
    "\n",
    "# Let's get the pretty colors\n",
    "cmap = plt.get_cmap('spring')\n",
    "\n",
    "current_path = os.getcwd()\n",
    "print(current_path)"
   ]
  },
  {
   "cell_type": "markdown",
   "id": "overhead-clearing",
   "metadata": {},
   "source": [
    "'''       USEFUL RESOURCES   \n",
    "            https://github.com/rmjarvis/TreeCorr\n",
    "            https://rmjarvis.github.io/TreeCorr/_build/html/guide.html                             \n",
    "                       https://rmjarvis.github.io/TreeCorr/_build/html/nn.html#treecorr.NNCorrelation\n",
    "            https://github.com/rmjarvis/TreeCorr/blob/master/tests/Tutorial.ipynb\n",
    "'''"
   ]
  },
  {
   "cell_type": "markdown",
   "id": "e075121d-a163-4d35-9574-3c87c93b9ae8",
   "metadata": {},
   "source": [
    "# Check that the patch centers from treecorr are the same "
   ]
  },
  {
   "cell_type": "markdown",
   "id": "0ce6bc5f-5ef5-44d2-ab4e-12d4eac792e5",
   "metadata": {},
   "source": [
    "## Check the important catGM: if this is wrong, everything else is wrong ! "
   ]
  },
  {
   "cell_type": "code",
   "execution_count": 37,
   "id": "2e98ec8e-1a81-4a97-8828-02df3381a358",
   "metadata": {},
   "outputs": [],
   "source": [
    "zRange=str('070-085')"
   ]
  },
  {
   "cell_type": "code",
   "execution_count": 38,
   "id": "fedc010b-1da6-4a08-a3a3-e266a276ccdb",
   "metadata": {},
   "outputs": [],
   "source": [
    "filename = str('catGM_'+zRange+'_TreeCorr_GalaxyRandom.npy' )\n",
    "# This is the buggy one where I kept generating catGM, without realising that it changes everytime \n",
    "# Where you look for data from scripts\n",
    "outputData='data/'\n",
    "Name = str( outputData + filename  )\n",
    "dataScript = np.load(Name)\n",
    "\n",
    "\n",
    "# Where you look for data from the notebook ... we will use the catGM from the notebook as the 'standard' one \n",
    "outputData=str('../../-1_0th_Project_REDO/3)dataOut/'+zRange+'/')\n",
    "Name = str( outputData + filename  )\n",
    "dataNote = np.load(Name)"
   ]
  },
  {
   "cell_type": "code",
   "execution_count": 39,
   "id": "847b1312-1ba3-4a5e-b6ab-f5f2c44e8b51",
   "metadata": {},
   "outputs": [
    {
     "name": "stdout",
     "output_type": "stream",
     "text": [
      "(200, 3)\n",
      "(200, 3)\n",
      "[[ 0.29597151 -0.45521201 -0.83975168]\n",
      " [ 0.34768622 -0.50169587 -0.79209566]\n",
      " [ 0.42498313 -0.51495348 -0.74445433]\n",
      " ...\n",
      " [ 0.80201742  0.59611327  0.03764348]\n",
      " [ 0.74218896  0.66922607 -0.03594465]\n",
      " [ 0.74598868  0.66458104  0.04281281]]\n",
      "[[ 0.29597151 -0.45521201 -0.83975168]\n",
      " [ 0.34768622 -0.50169587 -0.79209566]\n",
      " [ 0.42498313 -0.51495348 -0.74445433]\n",
      " ...\n",
      " [ 0.80201742  0.59611327  0.03764348]\n",
      " [ 0.74218896  0.66922607 -0.03594465]\n",
      " [ 0.74598868  0.66458104  0.04281281]]\n",
      "[[0. 0. 0.]\n",
      " [0. 0. 0.]\n",
      " [0. 0. 0.]\n",
      " ...\n",
      " [0. 0. 0.]\n",
      " [0. 0. 0.]\n",
      " [0. 0. 0.]]\n",
      "[]\n",
      "(0,) is the shape. If this is zero, there are no bugs\n"
     ]
    }
   ],
   "source": [
    "print(dataScript.shape)\n",
    "print(dataNote.shape)\n",
    "print(dataScript)\n",
    "print(dataNote)\n",
    "diff = dataScript - dataNote\n",
    "print(diff)\n",
    "whereIsItNotZero = np.where(diff != 0.0)[0]\n",
    "print(whereIsItNotZero)\n",
    "print(whereIsItNotZero.shape,'is the shape. If this is zero, there are no bugs')\n"
   ]
  },
  {
   "cell_type": "markdown",
   "id": "31370220-530c-426f-9a30-ec9c2d697480",
   "metadata": {},
   "source": [
    " # Also check up catCM: "
   ]
  },
  {
   "cell_type": "code",
   "execution_count": 40,
   "id": "5753709e-af37-4d78-a7ad-918f24ad34ce",
   "metadata": {},
   "outputs": [],
   "source": [
    "filename = str('catCM_'+zRange+'_TreeCorr_ClusterRandom.npy' )\n",
    "# This is the buggy one where I kept generating catGM, without realising that it changes everytime \n",
    "# Where you look for data from scripts\n",
    "outputData=str('OutputData/'+zRange+'/')\n",
    "Name = str( outputData + filename  )\n",
    "dataScript = np.load(Name)\n",
    "\n",
    "# Where you look for data from the notebook ... we will use the catGM from the notebook as the 'standard' one \n",
    "outputData=str('../../-1_0th_Project_REDO/3)dataOut/'+zRange+'/')\n",
    "Name = str( outputData + filename  )\n",
    "dataNote = np.load(Name)"
   ]
  },
  {
   "cell_type": "code",
   "execution_count": 41,
   "id": "bcf90f39-b769-4419-9577-99ec1d7e0d65",
   "metadata": {},
   "outputs": [
    {
     "name": "stdout",
     "output_type": "stream",
     "text": [
      "(200, 3)\n",
      "(200, 3)\n",
      "[[ 0.29597151 -0.45521201 -0.83975168]\n",
      " [ 0.34768622 -0.50169587 -0.79209566]\n",
      " [ 0.42498313 -0.51495348 -0.74445433]\n",
      " ...\n",
      " [ 0.80201742  0.59611327  0.03764348]\n",
      " [ 0.74218896  0.66922607 -0.03594465]\n",
      " [ 0.74598868  0.66458104  0.04281281]]\n",
      "[[ 0.29597151 -0.45521201 -0.83975168]\n",
      " [ 0.34768622 -0.50169587 -0.79209566]\n",
      " [ 0.42498313 -0.51495348 -0.74445433]\n",
      " ...\n",
      " [ 0.80201742  0.59611327  0.03764348]\n",
      " [ 0.74218896  0.66922607 -0.03594465]\n",
      " [ 0.74598868  0.66458104  0.04281281]]\n",
      "[[0. 0. 0.]\n",
      " [0. 0. 0.]\n",
      " [0. 0. 0.]\n",
      " ...\n",
      " [0. 0. 0.]\n",
      " [0. 0. 0.]\n",
      " [0. 0. 0.]]\n",
      "[]\n",
      "(0,) is the shape. If this is zero, there are no bugs\n"
     ]
    }
   ],
   "source": [
    "\n",
    "print(dataScript.shape)\n",
    "print(dataNote.shape)\n",
    "print(dataScript)\n",
    "print(dataNote)\n",
    "diff = dataScript - dataNote\n",
    "print(diff)\n",
    "whereIsItNotZero = np.where(diff != 0.0)[0]\n",
    "print(whereIsItNotZero)\n",
    "print(whereIsItNotZero.shape,'is the shape. If this is zero, there are no bugs')"
   ]
  },
  {
   "cell_type": "markdown",
   "id": "3bb0ed67-8b2a-4cae-92e4-1b906ab62a91",
   "metadata": {},
   "source": [
    "# This means that if you use the same catGM, you will produce the same catC, and catCM etc etc ..."
   ]
  },
  {
   "cell_type": "markdown",
   "id": "f91a005b-e983-4a04-b511-a9cca4886c64",
   "metadata": {},
   "source": [
    "# There are no bugs in your patch centers!"
   ]
  },
  {
   "cell_type": "code",
   "execution_count": null,
   "id": "756839dc-9c09-490d-b19b-f265efb0179f",
   "metadata": {},
   "outputs": [],
   "source": []
  },
  {
   "cell_type": "markdown",
   "id": "eff9ea36-a1b8-4eff-919c-848cf05b4025",
   "metadata": {},
   "source": [
    "# CHECK Limber Approximation   -- THEORY "
   ]
  },
  {
   "cell_type": "markdown",
   "id": "215c8317-52a3-4303-ab25-bad8693e146a",
   "metadata": {},
   "source": [
    "# Check for bugs in ω_cnc"
   ]
  },
  {
   "cell_type": "code",
   "execution_count": 42,
   "id": "double-layer",
   "metadata": {},
   "outputs": [],
   "source": [
    "filename = str('THEORY_Planck22_'+zRange+'_ω_cnc.npy')\n",
    "\n",
    "# Where you look for data from scripts\n",
    "outputData=str('OutputData/'+zRange+'/')\n",
    "Name = str( outputData + filename  )\n",
    "dataScript = np.load(Name)\n",
    "\n",
    "\n",
    "# Where you look for data from the notebook\n",
    "\n",
    "outputData=str('../../-1_0th_Project_REDO/3C)dataOut/'+zRange+'/')\n",
    "Name = str( outputData + filename  )\n",
    "dataNote = np.load(Name)"
   ]
  },
  {
   "cell_type": "code",
   "execution_count": 43,
   "id": "polyphonic-species",
   "metadata": {},
   "outputs": [
    {
     "name": "stdout",
     "output_type": "stream",
     "text": [
      "(7,)\n",
      "(7,)\n",
      "[0.02498754 0.01889166 0.01371479 0.01043706 0.00692021 0.00509461\n",
      " 0.00305698]\n",
      "[0.02498754 0.01889166 0.01371479 0.01043706 0.00692021 0.00509461\n",
      " 0.00305698]\n",
      "[0. 0. 0. 0. 0. 0. 0.]\n",
      "[]\n",
      "(0,) is the shape. If this is zero, there are no bugs\n"
     ]
    }
   ],
   "source": [
    "\n",
    "print(dataScript.shape)\n",
    "print(dataNote.shape)\n",
    "print(dataScript)\n",
    "print(dataNote)\n",
    "diff = dataScript - dataNote\n",
    "print(diff)\n",
    "whereIsItNotZero = np.where(diff != 0.0)[0]\n",
    "print(whereIsItNotZero)\n",
    "print(whereIsItNotZero.shape,'is the shape. If this is zero, there are no bugs')\n"
   ]
  },
  {
   "cell_type": "markdown",
   "id": "bad26890-499a-4c5b-b00a-85f821b514e5",
   "metadata": {},
   "source": [
    "# Check for bugs in ω_cng"
   ]
  },
  {
   "cell_type": "code",
   "execution_count": 44,
   "id": "promising-margin",
   "metadata": {},
   "outputs": [],
   "source": [
    "filename = str('THEORY_Planck22_'+zRange+'_ω_cng.npy')\n",
    "# Where you look for data from scripts\n",
    "outputData=str('OutputData/'+zRange+'/')\n",
    "Name = str( outputData + filename  )\n",
    "dataScript = np.load(Name)\n",
    "\n",
    "\n",
    "# Where you look for data from the notebook\n",
    "outputData=str('../../-1_0th_Project_REDO/3C)dataOut/'+zRange+'/')\n",
    "Name = str( outputData + filename  )\n",
    "dataNote = np.load(Name)"
   ]
  },
  {
   "cell_type": "code",
   "execution_count": 45,
   "id": "democratic-above",
   "metadata": {},
   "outputs": [
    {
     "name": "stdout",
     "output_type": "stream",
     "text": [
      "(7,)\n",
      "(7,)\n",
      "[0.00609931 0.00463297 0.00402922 0.00353398 0.00275325 0.00212679\n",
      " 0.00169338]\n",
      "[0.00609931 0.00463297 0.00402922 0.00353398 0.00275325 0.00212679\n",
      " 0.00169338]\n",
      "[0. 0. 0. 0. 0. 0. 0.]\n",
      "[]\n",
      "(0,) is the shape. If this is zero, there are no bugs\n"
     ]
    }
   ],
   "source": [
    "print(dataScript.shape)\n",
    "print(dataNote.shape)\n",
    "print(dataScript)\n",
    "print(dataNote)\n",
    "diff = dataScript - dataNote\n",
    "print(diff)\n",
    "whereIsItNotZero = np.where(diff != 0.0)[0]\n",
    "print(whereIsItNotZero)\n",
    "print(whereIsItNotZero.shape,'is the shape. If this is zero, there are no bugs')\n"
   ]
  },
  {
   "cell_type": "markdown",
   "id": "7e67904c-ccdc-40b7-a10c-df4601d3067f",
   "metadata": {},
   "source": [
    "# This means that there are no bugs in the LIMBER APPROX theory"
   ]
  },
  {
   "cell_type": "markdown",
   "id": "b7efe317-fe0d-4487-91a4-3e25d1c09d74",
   "metadata": {},
   "source": [
    "# Check the input "
   ]
  },
  {
   "cell_type": "markdown",
   "id": "f5e517c9-9f0b-4765-a6f1-adb8cac8d622",
   "metadata": {},
   "source": [
    "# Check for bugs in Normalised dc"
   ]
  },
  {
   "cell_type": "code",
   "execution_count": 46,
   "id": "assumed-exposure",
   "metadata": {},
   "outputs": [],
   "source": [
    "filename = str(zRange+'_Normalised_dc.npy') \n",
    "\n",
    "# Where you look for data from scripts\n",
    "outputData=str('OutputData/'+zRange+'/')\n",
    "Name = str( outputData + filename  )\n",
    "dataScript = np.load(Name)\n",
    "\n",
    "\n",
    "# Where you look for data from the notebook\n",
    "\n",
    "outputData=str('../../-1_0th_Project_REDO/3)dataOut/'+zRange+'/')\n",
    "Name = str( outputData + filename  )\n",
    "dataNote = np.load(Name)"
   ]
  },
  {
   "cell_type": "code",
   "execution_count": 47,
   "id": "equal-elite",
   "metadata": {},
   "outputs": [
    {
     "name": "stdout",
     "output_type": "stream",
     "text": [
      "(10,)\n",
      "(10,)\n",
      "[7.72073594 9.37517936 6.61777366 8.82369822 6.61777366 7.1692548\n",
      " 7.1692548  4.96333025 3.86036797 4.96333025]\n",
      "[7.72073594 9.37517936 6.61777366 8.82369822 6.61777366 7.1692548\n",
      " 7.1692548  4.96333025 3.86036797 4.96333025]\n",
      "[0. 0. 0. 0. 0. 0. 0. 0. 0. 0.]\n",
      "[]\n",
      "(0,) is the shape. If this is zero, there are no bugs\n"
     ]
    }
   ],
   "source": [
    "print(dataScript.shape)\n",
    "print(dataNote.shape)\n",
    "print(dataScript)\n",
    "print(dataNote)\n",
    "diff = dataScript - dataNote\n",
    "print(diff)\n",
    "whereIsItNotZero = np.where(diff != 0.0)[0]\n",
    "print(whereIsItNotZero)\n",
    "print(whereIsItNotZero.shape,'is the shape. If this is zero, there are no bugs')\n"
   ]
  },
  {
   "cell_type": "markdown",
   "id": "3fd2cb9a-56b6-44e6-9c2c-b4134aac3f62",
   "metadata": {},
   "source": [
    "# Check for bugs in Normalised dc_G"
   ]
  },
  {
   "cell_type": "code",
   "execution_count": 48,
   "id": "right-anchor",
   "metadata": {},
   "outputs": [],
   "source": [
    "filename = str(zRange+'_Normalised_dc_G.npy') \n",
    "\n",
    "# Where you look for data from scripts\n",
    "outputData=str('OutputData/'+zRange+'/')\n",
    "Name = str( outputData + filename  )\n",
    "dataScript = np.load(Name)\n",
    "\n",
    "\n",
    "# Where you look for data from the notebook\n",
    "\n",
    "outputData=str('../../-1_0th_Project_REDO/3)dataOut/'+zRange+'/')\n",
    "Name = str( outputData + filename  )\n",
    "dataNote = np.load(Name)"
   ]
  },
  {
   "cell_type": "code",
   "execution_count": 49,
   "id": "beginning-geography",
   "metadata": {},
   "outputs": [
    {
     "name": "stdout",
     "output_type": "stream",
     "text": [
      "(50,)\n",
      "(50,)\n",
      "[5.92765041 5.8376564  5.88795381 5.91614742 5.97343684 5.95200969\n",
      " 6.03816937 5.99847276 5.92404163 5.98629312 6.03952266 6.00929911\n",
      " 6.03771827 6.10966837 6.14056856 6.07561048 6.12658453 6.11282605\n",
      " 6.16222126 6.24815539 6.26213942 6.30454261 6.43761645 6.52129509\n",
      " 6.56933701 6.65662443 6.6514368  6.74616734 6.72203361 6.73804758\n",
      " 6.81676414 6.91645675 7.11561642 7.14290784 7.26447869 7.35763038\n",
      " 7.40702559 7.51168027 7.4961174  7.40815333 7.43454255 7.42664834\n",
      " 7.43048267 7.44424116 7.45777409 7.50807149 7.53152858 7.52092778\n",
      " 7.48777209 7.54145273]\n",
      "[5.92765041 5.8376564  5.88795381 5.91614742 5.97343684 5.95200969\n",
      " 6.03816937 5.99847276 5.92404163 5.98629312 6.03952266 6.00929911\n",
      " 6.03771827 6.10966837 6.14056856 6.07561048 6.12658453 6.11282605\n",
      " 6.16222126 6.24815539 6.26213942 6.30454261 6.43761645 6.52129509\n",
      " 6.56933701 6.65662443 6.6514368  6.74616734 6.72203361 6.73804758\n",
      " 6.81676414 6.91645675 7.11561642 7.14290784 7.26447869 7.35763038\n",
      " 7.40702559 7.51168027 7.4961174  7.40815333 7.43454255 7.42664834\n",
      " 7.43048267 7.44424116 7.45777409 7.50807149 7.53152858 7.52092778\n",
      " 7.48777209 7.54145273]\n",
      "[0. 0. 0. 0. 0. 0. 0. 0. 0. 0. 0. 0. 0. 0. 0. 0. 0. 0. 0. 0. 0. 0. 0. 0.\n",
      " 0. 0. 0. 0. 0. 0. 0. 0. 0. 0. 0. 0. 0. 0. 0. 0. 0. 0. 0. 0. 0. 0. 0. 0.\n",
      " 0. 0.]\n",
      "[]\n",
      "(0,) is the shape. If this is zero, there are no bugs\n"
     ]
    }
   ],
   "source": [
    "print(dataScript.shape)\n",
    "print(dataNote.shape)\n",
    "print(dataScript)\n",
    "print(dataNote)\n",
    "diff = dataScript - dataNote\n",
    "print(diff)\n",
    "whereIsItNotZero = np.where(diff != 0.0)[0]\n",
    "print(whereIsItNotZero)\n",
    "print(whereIsItNotZero.shape,'is the shape. If this is zero, there are no bugs')"
   ]
  },
  {
   "cell_type": "markdown",
   "id": "661a1b8f-8303-4b4a-8d50-4328b5f7b802",
   "metadata": {},
   "source": [
    "# NO BUGS DETECTED for normalised distribution -- the input is correct "
   ]
  },
  {
   "cell_type": "markdown",
   "id": "bd1a2731-bf23-4f64-ba29-3e4e4d54eae8",
   "metadata": {},
   "source": [
    "# CHECK TreeCorr  -- the observation "
   ]
  },
  {
   "cell_type": "markdown",
   "id": "4c8689e2-1fa1-437f-a799-fa96aede2e61",
   "metadata": {},
   "source": [
    "# Check ω_corr "
   ]
  },
  {
   "cell_type": "code",
   "execution_count": 50,
   "id": "parliamentary-gilbert",
   "metadata": {
    "scrolled": true
   },
   "outputs": [],
   "source": [
    "# Where you look for data from scripts\n",
    "filename = filename = str(zRange+'_ω_corr.npy') \n",
    "\n",
    "outputData=str('OutputData/'+zRange+'/')\n",
    "Name = str( outputData + filename  )\n",
    "dataScript = np.load(Name)\n",
    "\n",
    "\n",
    "# Where you look for data from the notebook\n",
    "\n",
    "outputData=str('../../-1_0th_Project_REDO/3)dataOut/'+zRange+'/')\n",
    "Name = str( outputData + filename  )\n",
    "dataNote = np.load(Name)"
   ]
  },
  {
   "cell_type": "code",
   "execution_count": 51,
   "id": "stone-campus",
   "metadata": {},
   "outputs": [
    {
     "name": "stdout",
     "output_type": "stream",
     "text": [
      "(7,)\n",
      "(7,)\n",
      "[ 5.61915971 -0.45021952 -1.302685    0.63821322 -0.03308863 -0.69156813\n",
      "  0.01142077]\n",
      "[ 5.61915971 -0.45021952 -1.302685    0.63821322 -0.03308863 -0.69156813\n",
      "  0.01142077]\n",
      "[0. 0. 0. 0. 0. 0. 0.]\n",
      "[]\n",
      "(0,) is the shape. If this is zero, there are no bugs\n"
     ]
    }
   ],
   "source": [
    "print(dataScript.shape)\n",
    "print(dataNote.shape)\n",
    "print(dataScript)\n",
    "print(dataNote)\n",
    "diff = dataScript - dataNote\n",
    "print(diff)\n",
    "whereIsItNotZero = np.where(diff != 0.0)[0]\n",
    "print(whereIsItNotZero)\n",
    "print(whereIsItNotZero.shape,'is the shape. If this is zero, there are no bugs')"
   ]
  },
  {
   "cell_type": "markdown",
   "id": "9a7f86a2-1779-4793-a2d9-8fb71a1ae821",
   "metadata": {},
   "source": [
    "# Check ω_corrGC "
   ]
  },
  {
   "cell_type": "code",
   "execution_count": 52,
   "id": "lovely-department",
   "metadata": {},
   "outputs": [],
   "source": [
    "# Where you look for data from scripts\n",
    "filename = filename = str(zRange+'_ω_corrGC.npy') \n",
    "\n",
    "outputData=str('OutputData/'+zRange+'/')\n",
    "Name = str( outputData + filename  )\n",
    "dataScript = np.load(Name)\n",
    "\n",
    "\n",
    "# Where you look for data from the notebook\n",
    "outputData=str('../../-1_0th_Project_REDO/3)dataOut/'+zRange+'/')\n",
    "Name = str( outputData + filename  )\n",
    "dataNote = np.load(Name)"
   ]
  },
  {
   "cell_type": "code",
   "execution_count": 53,
   "id": "involved-annual",
   "metadata": {},
   "outputs": [
    {
     "name": "stdout",
     "output_type": "stream",
     "text": [
      "(7,)\n",
      "(7,)\n",
      "[0.04765204 0.04360306 0.02049873 0.03448575 0.03274111 0.02939241\n",
      " 0.01558149]\n",
      "[0.04765204 0.04360306 0.02049873 0.03448575 0.03274111 0.02939241\n",
      " 0.01558149]\n",
      "[0. 0. 0. 0. 0. 0. 0.]\n",
      "[]\n",
      "(0,) is the shape. If this is zero, there are no bugs\n"
     ]
    }
   ],
   "source": [
    "print(dataScript.shape)\n",
    "print(dataNote.shape)\n",
    "print(dataScript)\n",
    "print(dataNote)\n",
    "diff = dataScript - dataNote\n",
    "print(diff)\n",
    "whereIsItNotZero = np.where(diff != 0.0)[0]\n",
    "print(whereIsItNotZero)\n",
    "print(whereIsItNotZero.shape,'is the shape. If this is zero, there are no bugs')"
   ]
  },
  {
   "cell_type": "markdown",
   "id": "5dd45ddf-ea79-476b-94f3-4211eac40f92",
   "metadata": {},
   "source": [
    "# Check for theta_corr"
   ]
  },
  {
   "cell_type": "code",
   "execution_count": 54,
   "id": "b9cafb2d-3010-4db2-ad36-643e1bfc4b89",
   "metadata": {},
   "outputs": [],
   "source": [
    "\n",
    "filename = filename = str(zRange+'_theta_corr.npy') \n",
    "# Where you look for data from scripts\n",
    "outputData=str('OutputData/'+zRange+'/')\n",
    "Name = str( outputData + filename  )\n",
    "dataScript = np.load(Name)\n",
    "\n",
    "\n",
    "# Where you look for data from the notebook\n",
    "outputData=str('../../-1_0th_Project_REDO/3)dataOut/'+zRange+'/')\n",
    "Name = str( outputData + filename  )\n",
    "dataNote = np.load(Name)"
   ]
  },
  {
   "cell_type": "code",
   "execution_count": 55,
   "id": "fc07db24-3248-4975-af32-67b941836aad",
   "metadata": {},
   "outputs": [
    {
     "name": "stdout",
     "output_type": "stream",
     "text": [
      "(7,)\n",
      "(7,)\n",
      "[11.49116725 15.17373297 20.03644777 26.45751311 34.93633243 46.13235261\n",
      " 60.91635295]\n",
      "[11.49116725 15.17373297 20.03644777 26.45751311 34.93633243 46.13235261\n",
      " 60.91635295]\n",
      "[0. 0. 0. 0. 0. 0. 0.]\n",
      "[]\n",
      "(0,) is the shape. If this is zero, there are no bugs\n"
     ]
    }
   ],
   "source": [
    "print(dataScript.shape)\n",
    "print(dataNote.shape)\n",
    "print(dataScript)\n",
    "print(dataNote)\n",
    "diff = dataScript - dataNote\n",
    "print(diff)\n",
    "whereIsItNotZero = np.where(diff != 0.0)[0]\n",
    "print(whereIsItNotZero)\n",
    "print(whereIsItNotZero.shape,'is the shape. If this is zero, there are no bugs')"
   ]
  },
  {
   "cell_type": "markdown",
   "id": "22717350-d085-4fe3-b9e9-70b0bebfe14d",
   "metadata": {},
   "source": [
    "# Check for theta_corrGC"
   ]
  },
  {
   "cell_type": "code",
   "execution_count": 56,
   "id": "raising-infection",
   "metadata": {},
   "outputs": [],
   "source": [
    "\n",
    "filename = str(zRange+'_theta_corrGC.npy') \n",
    "# Where you look for data from scripts\n",
    "outputData=str('OutputData/'+zRange+'/')\n",
    "Name = str( outputData + filename  )\n",
    "dataScript = np.load(Name)\n",
    "\n",
    "\n",
    "# Where you look for data from the notebook\n",
    "\n",
    "outputData=str('../../-1_0th_Project_REDO/3)dataOut/'+zRange+'/')\n",
    "Name = str( outputData + filename  )\n",
    "dataNote = np.load(Name)"
   ]
  },
  {
   "cell_type": "code",
   "execution_count": 57,
   "id": "qualified-preserve",
   "metadata": {},
   "outputs": [
    {
     "name": "stdout",
     "output_type": "stream",
     "text": [
      "(7,)\n",
      "(7,)\n",
      "[31.87170601 35.97273207 40.60144919 45.82575695 51.72229173 58.37755098\n",
      " 65.88916198]\n",
      "[31.87170601 35.97273207 40.60144919 45.82575695 51.72229173 58.37755098\n",
      " 65.88916198]\n",
      "[0. 0. 0. 0. 0. 0. 0.]\n",
      "[]\n",
      "(0,) is the shape. If this is zero, there are no bugs\n"
     ]
    }
   ],
   "source": [
    "print(dataScript.shape)\n",
    "print(dataNote.shape)\n",
    "print(dataScript)\n",
    "print(dataNote)\n",
    "diff = dataScript - dataNote\n",
    "print(diff)\n",
    "whereIsItNotZero = np.where(diff != 0.0)[0]\n",
    "print(whereIsItNotZero)\n",
    "print(whereIsItNotZero.shape,'is the shape. If this is zero, there are no bugs')"
   ]
  },
  {
   "cell_type": "markdown",
   "id": "ca84025a-32af-4626-8642-0b24b039cb2d",
   "metadata": {},
   "source": [
    "# Check for ω_corr_uncertainty_corr"
   ]
  },
  {
   "cell_type": "code",
   "execution_count": 58,
   "id": "absent-egypt",
   "metadata": {},
   "outputs": [],
   "source": [
    "\n",
    "\n",
    "filename = str(zRange+'_ω_corr_uncertainty_corr.npy') \n",
    "# Where you look for data from scripts\n",
    "outputData=str('OutputData/'+zRange+'/')\n",
    "Name = str( outputData + filename  )\n",
    "dataScript = np.load(Name)\n",
    "\n",
    "\n",
    "# Where you look for data from the notebook\n",
    "outputData=str('../../-1_0th_Project_REDO/3)dataOut/'+zRange+'/')\n",
    "Name = str( outputData + filename  )\n",
    "dataNote = np.load(Name)"
   ]
  },
  {
   "cell_type": "code",
   "execution_count": 59,
   "id": "spiritual-lucas",
   "metadata": {},
   "outputs": [
    {
     "name": "stdout",
     "output_type": "stream",
     "text": [
      "(7,)\n",
      "(7,)\n",
      "[6.41587916 0.32612821 0.34525551 1.30188724 0.76541786 0.13143708\n",
      " 0.39078198]\n",
      "[6.41587916 0.32612821 0.34525551 1.30188724 0.76541786 0.13143708\n",
      " 0.39078198]\n",
      "[0. 0. 0. 0. 0. 0. 0.]\n",
      "[]\n",
      "(0,) is the shape. If this is zero, there are no bugs\n"
     ]
    }
   ],
   "source": [
    "print(dataScript.shape)\n",
    "print(dataNote.shape)\n",
    "print(dataScript)\n",
    "print(dataNote)\n",
    "diff = dataScript - dataNote\n",
    "print(diff)\n",
    "whereIsItNotZero = np.where(diff != 0.0)[0]\n",
    "print(whereIsItNotZero)\n",
    "print(whereIsItNotZero.shape,'is the shape. If this is zero, there are no bugs')"
   ]
  },
  {
   "cell_type": "markdown",
   "id": "14ade61b-2232-4495-ba61-080bb0b1b736",
   "metadata": {},
   "source": [
    "# Check for ω_corr_uncertainty_corrGC"
   ]
  },
  {
   "cell_type": "code",
   "execution_count": 60,
   "id": "excellent-merchandise",
   "metadata": {},
   "outputs": [],
   "source": [
    "filename = str(zRange+'_ω_corr_uncertainty_corrGC.npy') \n",
    "# Where you look for data from scripts\n",
    "outputData=str('OutputData/'+zRange+'/')\n",
    "Name = str( outputData + filename  )\n",
    "dataScript = np.load(Name)\n",
    "\n",
    "\n",
    "# Where you look for data from the notebook\n",
    "outputData=str('../../-1_0th_Project_REDO/3)dataOut/'+zRange+'/')\n",
    "Name = str( outputData + filename  )\n",
    "dataNote = np.load(Name)"
   ]
  },
  {
   "cell_type": "code",
   "execution_count": 61,
   "id": "nervous-ethiopia",
   "metadata": {},
   "outputs": [
    {
     "name": "stdout",
     "output_type": "stream",
     "text": [
      "(7,)\n",
      "(7,)\n",
      "[0.0174187  0.01516784 0.01331603 0.01383089 0.01323222 0.01220995\n",
      " 0.01157842]\n",
      "[0.0174187  0.01516784 0.01331603 0.01383089 0.01323222 0.01220995\n",
      " 0.01157842]\n",
      "[0. 0. 0. 0. 0. 0. 0.]\n",
      "[]\n",
      "(0,) is the shape. If this is zero, there are no bugs\n"
     ]
    }
   ],
   "source": [
    "print(dataScript.shape)\n",
    "print(dataNote.shape)\n",
    "print(dataScript)\n",
    "print(dataNote)\n",
    "diff = dataScript - dataNote\n",
    "print(diff)\n",
    "whereIsItNotZero = np.where(diff != 0.0)[0]\n",
    "print(whereIsItNotZero)\n",
    "print(whereIsItNotZero.shape,'is the shape. If this is zero, there are no bugs')"
   ]
  },
  {
   "cell_type": "markdown",
   "id": "4d1afba5-900d-416b-a812-a3e0beeb04b3",
   "metadata": {},
   "source": [
    "# Check for ω_jacknife_covariant"
   ]
  },
  {
   "cell_type": "code",
   "execution_count": 62,
   "id": "a04076ef-f2d0-4d0c-9f15-a22524942180",
   "metadata": {},
   "outputs": [],
   "source": [
    "\n",
    "\n",
    "filename = str(zRange+'_ω_jacknife_covariant_matrix.npy') \n",
    "# Where you look for data from scripts\n",
    "outputData=str('OutputData/'+zRange+'/')\n",
    "Name = str( outputData + filename  )\n",
    "dataScript = np.load(Name)\n",
    "\n",
    "\n",
    "# Where you look for data from the notebook\n",
    "outputData=str('../../-1_0th_Project_REDO/3)dataOut/'+zRange+'/')\n",
    "Name = str( outputData + filename  )\n",
    "dataNote = np.load(Name)"
   ]
  },
  {
   "cell_type": "code",
   "execution_count": 63,
   "id": "72b6f3d0-b451-4795-a4f9-60b64315db10",
   "metadata": {},
   "outputs": [
    {
     "name": "stdout",
     "output_type": "stream",
     "text": [
      "(7, 7)\n",
      "(7, 7)\n",
      "[[ 4.11635054e+01  2.69431561e-01  2.29482839e-01 -1.83483952e-01\n",
      "   1.04490710e-01  2.15694042e-02  1.88475358e-02]\n",
      " [ 2.69431561e-01  1.06359611e-01  5.69424591e-02 -1.00525711e-01\n",
      "   3.48722811e-02  1.26486880e-02  7.26280105e-03]\n",
      " [ 2.29482839e-01  5.69424591e-02  1.19201369e-01 -4.64509108e-02\n",
      "   4.22593520e-02  1.63041938e-02  1.66943869e-02]\n",
      " [-1.83483952e-01 -1.00525711e-01 -4.64509108e-02  1.69491039e+00\n",
      "   7.20527857e-03 -3.80831173e-02 -6.11557854e-02]\n",
      " [ 1.04490710e-01  3.48722811e-02  4.22593520e-02  7.20527857e-03\n",
      "   5.85864493e-01  2.12710308e-02 -7.36228609e-03]\n",
      " [ 2.15694042e-02  1.26486880e-02  1.63041938e-02 -3.80831173e-02\n",
      "   2.12710308e-02  1.72757053e-02  4.84907489e-03]\n",
      " [ 1.88475358e-02  7.26280105e-03  1.66943869e-02 -6.11557854e-02\n",
      "  -7.36228609e-03  4.84907489e-03  1.52710555e-01]]\n",
      "[[ 4.11635054e+01  2.69431561e-01  2.29482839e-01 -1.83483952e-01\n",
      "   1.04490710e-01  2.15694042e-02  1.88475358e-02]\n",
      " [ 2.69431561e-01  1.06359611e-01  5.69424591e-02 -1.00525711e-01\n",
      "   3.48722811e-02  1.26486880e-02  7.26280105e-03]\n",
      " [ 2.29482839e-01  5.69424591e-02  1.19201369e-01 -4.64509108e-02\n",
      "   4.22593520e-02  1.63041938e-02  1.66943869e-02]\n",
      " [-1.83483952e-01 -1.00525711e-01 -4.64509108e-02  1.69491039e+00\n",
      "   7.20527857e-03 -3.80831173e-02 -6.11557854e-02]\n",
      " [ 1.04490710e-01  3.48722811e-02  4.22593520e-02  7.20527857e-03\n",
      "   5.85864493e-01  2.12710308e-02 -7.36228609e-03]\n",
      " [ 2.15694042e-02  1.26486880e-02  1.63041938e-02 -3.80831173e-02\n",
      "   2.12710308e-02  1.72757053e-02  4.84907489e-03]\n",
      " [ 1.88475358e-02  7.26280105e-03  1.66943869e-02 -6.11557854e-02\n",
      "  -7.36228609e-03  4.84907489e-03  1.52710555e-01]]\n",
      "[[0. 0. 0. 0. 0. 0. 0.]\n",
      " [0. 0. 0. 0. 0. 0. 0.]\n",
      " [0. 0. 0. 0. 0. 0. 0.]\n",
      " [0. 0. 0. 0. 0. 0. 0.]\n",
      " [0. 0. 0. 0. 0. 0. 0.]\n",
      " [0. 0. 0. 0. 0. 0. 0.]\n",
      " [0. 0. 0. 0. 0. 0. 0.]]\n",
      "[]\n",
      "(0,) is the shape. If this is zero, there are no bugs\n"
     ]
    }
   ],
   "source": [
    "print(dataScript.shape)\n",
    "print(dataNote.shape)\n",
    "print(dataScript)\n",
    "print(dataNote)\n",
    "diff = dataScript - dataNote\n",
    "print(diff)\n",
    "whereIsItNotZero = np.where(diff != 0.0)[0]\n",
    "print(whereIsItNotZero)\n",
    "print(whereIsItNotZero.shape,'is the shape. If this is zero, there are no bugs')"
   ]
  },
  {
   "cell_type": "code",
   "execution_count": 64,
   "id": "0aa71796-af79-42df-8405-74af91cfd202",
   "metadata": {},
   "outputs": [],
   "source": [
    "# Check for ω_jacknife_covariant GC"
   ]
  },
  {
   "cell_type": "code",
   "execution_count": 65,
   "id": "589e818e-57f7-41a7-9fe9-5a306b252549",
   "metadata": {},
   "outputs": [],
   "source": [
    "\n",
    "filename = str(zRange+'_ω_jacknife_covariant_matrixGC.npy') \n",
    "# Where you look for data from scripts\n",
    "outputData=str('OutputData/'+zRange+'/')\n",
    "Name = str( outputData + filename  )\n",
    "dataScript = np.load(Name)\n",
    "\n",
    "\n",
    "# Where you look for data from the notebook\n",
    "\n",
    "outputData=str('../../-1_0th_Project_REDO/3)dataOut/'+zRange+'/')\n",
    "Name = str( outputData + filename  )\n",
    "dataNote = np.load(Name)"
   ]
  },
  {
   "cell_type": "code",
   "execution_count": 66,
   "id": "2d42a7a6-6e3b-48de-9b64-074c094e805c",
   "metadata": {},
   "outputs": [
    {
     "name": "stdout",
     "output_type": "stream",
     "text": [
      "(7, 7)\n",
      "(7, 7)\n",
      "[[3.03410936e-04 1.30608841e-04 9.30491049e-05 1.02828292e-04\n",
      "  1.04822193e-04 6.65212375e-05 2.79319700e-05]\n",
      " [1.30608841e-04 2.30063219e-04 1.06206069e-04 7.83989417e-05\n",
      "  8.89940233e-05 7.60442695e-05 2.86801435e-05]\n",
      " [9.30491049e-05 1.06206069e-04 1.77316688e-04 1.08594549e-04\n",
      "  1.08465627e-04 7.88967301e-05 5.41280458e-05]\n",
      " [1.02828292e-04 7.83989417e-05 1.08594549e-04 1.91293444e-04\n",
      "  1.13497458e-04 1.12013563e-04 7.74022334e-05]\n",
      " [1.04822193e-04 8.89940233e-05 1.08465627e-04 1.13497458e-04\n",
      "  1.75091625e-04 1.05398585e-04 6.70097241e-05]\n",
      " [6.65212375e-05 7.60442695e-05 7.88967301e-05 1.12013563e-04\n",
      "  1.05398585e-04 1.49082937e-04 7.52327417e-05]\n",
      " [2.79319700e-05 2.86801435e-05 5.41280458e-05 7.74022334e-05\n",
      "  6.70097241e-05 7.52327417e-05 1.34059700e-04]]\n",
      "[[3.03410936e-04 1.30608841e-04 9.30491049e-05 1.02828292e-04\n",
      "  1.04822193e-04 6.65212375e-05 2.79319700e-05]\n",
      " [1.30608841e-04 2.30063219e-04 1.06206069e-04 7.83989417e-05\n",
      "  8.89940233e-05 7.60442695e-05 2.86801435e-05]\n",
      " [9.30491049e-05 1.06206069e-04 1.77316688e-04 1.08594549e-04\n",
      "  1.08465627e-04 7.88967301e-05 5.41280458e-05]\n",
      " [1.02828292e-04 7.83989417e-05 1.08594549e-04 1.91293444e-04\n",
      "  1.13497458e-04 1.12013563e-04 7.74022334e-05]\n",
      " [1.04822193e-04 8.89940233e-05 1.08465627e-04 1.13497458e-04\n",
      "  1.75091625e-04 1.05398585e-04 6.70097241e-05]\n",
      " [6.65212375e-05 7.60442695e-05 7.88967301e-05 1.12013563e-04\n",
      "  1.05398585e-04 1.49082937e-04 7.52327417e-05]\n",
      " [2.79319700e-05 2.86801435e-05 5.41280458e-05 7.74022334e-05\n",
      "  6.70097241e-05 7.52327417e-05 1.34059700e-04]]\n",
      "[[0. 0. 0. 0. 0. 0. 0.]\n",
      " [0. 0. 0. 0. 0. 0. 0.]\n",
      " [0. 0. 0. 0. 0. 0. 0.]\n",
      " [0. 0. 0. 0. 0. 0. 0.]\n",
      " [0. 0. 0. 0. 0. 0. 0.]\n",
      " [0. 0. 0. 0. 0. 0. 0.]\n",
      " [0. 0. 0. 0. 0. 0. 0.]]\n",
      "[]\n",
      "(0,) is the shape. If this is zero, there are no bugs\n"
     ]
    }
   ],
   "source": [
    "print(dataScript.shape)\n",
    "print(dataNote.shape)\n",
    "print(dataScript)\n",
    "print(dataNote)\n",
    "diff = dataScript - dataNote\n",
    "print(diff)\n",
    "whereIsItNotZero = np.where(diff != 0.0)[0]\n",
    "print(whereIsItNotZero)\n",
    "print(whereIsItNotZero.shape,'is the shape. If this is zero, there are no bugs')"
   ]
  },
  {
   "cell_type": "markdown",
   "id": "795b66ad-0814-4bbc-af44-43d9c2c2456a",
   "metadata": {},
   "source": [
    "# Check the Full covariant matrix \n"
   ]
  },
  {
   "cell_type": "code",
   "execution_count": 67,
   "id": "d490d544-4112-4b9a-8c85-16dd0224b9f6",
   "metadata": {},
   "outputs": [],
   "source": [
    "\n",
    "\n",
    "filename = str(zRange+'_FULL_covariant_matrixGC.npy') \n",
    "# Where you look for data from scripts\n",
    "outputData=str('OutputData/'+zRange+'/')\n",
    "Name = str( outputData + filename  )\n",
    "dataScript = np.load(Name)\n",
    "\n",
    "\n",
    "# Where you look for data from the notebook\n",
    "outputData=str('../../-1_0th_Project_REDO/3)dataOut/'+zRange+'/')\n",
    "Name = str( outputData + filename  )\n",
    "dataNote = np.load(Name)"
   ]
  },
  {
   "cell_type": "code",
   "execution_count": 68,
   "id": "4d02fc82-b260-4276-b49d-c09850d4b3ea",
   "metadata": {},
   "outputs": [
    {
     "name": "stdout",
     "output_type": "stream",
     "text": [
      "(14, 14)\n",
      "(14, 14)\n",
      "[[ 4.11635054e+01  2.69431561e-01  2.29482839e-01 ...  3.96029141e-03\n",
      "   9.91105221e-03  6.88863390e-03]\n",
      " [ 2.69431561e-01  1.06359611e-01  5.69424591e-02 ... -2.61007062e-04\n",
      "   1.67716321e-05  7.42539480e-05]\n",
      " [ 2.29482839e-01  5.69424591e-02  1.19201369e-01 ... -3.53300203e-04\n",
      "  -3.84483664e-05  2.10019333e-04]\n",
      " ...\n",
      " [ 3.96029141e-03 -2.61007062e-04 -3.53300203e-04 ...  1.75091625e-04\n",
      "   1.05398585e-04  6.70097241e-05]\n",
      " [ 9.91105221e-03  1.67716321e-05 -3.84483664e-05 ...  1.05398585e-04\n",
      "   1.49082937e-04  7.52327417e-05]\n",
      " [ 6.88863390e-03  7.42539480e-05  2.10019333e-04 ...  6.70097241e-05\n",
      "   7.52327417e-05  1.34059700e-04]]\n",
      "[[ 4.11635054e+01  2.69431561e-01  2.29482839e-01 ...  3.96029141e-03\n",
      "   9.91105221e-03  6.88863390e-03]\n",
      " [ 2.69431561e-01  1.06359611e-01  5.69424591e-02 ... -2.61007062e-04\n",
      "   1.67716321e-05  7.42539480e-05]\n",
      " [ 2.29482839e-01  5.69424591e-02  1.19201369e-01 ... -3.53300203e-04\n",
      "  -3.84483664e-05  2.10019333e-04]\n",
      " ...\n",
      " [ 3.96029141e-03 -2.61007062e-04 -3.53300203e-04 ...  1.75091625e-04\n",
      "   1.05398585e-04  6.70097241e-05]\n",
      " [ 9.91105221e-03  1.67716321e-05 -3.84483664e-05 ...  1.05398585e-04\n",
      "   1.49082937e-04  7.52327417e-05]\n",
      " [ 6.88863390e-03  7.42539480e-05  2.10019333e-04 ...  6.70097241e-05\n",
      "   7.52327417e-05  1.34059700e-04]]\n",
      "[[0. 0. 0. ... 0. 0. 0.]\n",
      " [0. 0. 0. ... 0. 0. 0.]\n",
      " [0. 0. 0. ... 0. 0. 0.]\n",
      " ...\n",
      " [0. 0. 0. ... 0. 0. 0.]\n",
      " [0. 0. 0. ... 0. 0. 0.]\n",
      " [0. 0. 0. ... 0. 0. 0.]]\n",
      "[]\n",
      "(0,) is the shape. If this is zero, there are no bugs\n"
     ]
    }
   ],
   "source": [
    "print(dataScript.shape)\n",
    "print(dataNote.shape)\n",
    "print(dataScript)\n",
    "print(dataNote)\n",
    "diff = dataScript - dataNote\n",
    "print(diff)\n",
    "whereIsItNotZero = np.where(diff != 0.0)[0]\n",
